selecton.tif
NCOLS 300
NROWS 300
XLLCORNER 2357992.2
YLLCORNER 6928567.2
DX 42.206435
DY 72.519956
NODATA_VALUE -9999
[rows 196 to 223 of 300, columns 0 to 63 of 300]
-9999 -9999 -9999 543.83839 543.49149 543.1446 542.7977 542.47922 542.7421 543.00498 543.04268 543.97015 543.81149 542.39951 541.26677 540.43651 540.47144 540.18632 537.70623 537.84247 538.19839 538.67717 539.65732 539.99815 540.11094 540.09191 540.10446 540.02468 540.1246 540.26367 540.24985 540.42766 540.4638 540.36764 540.54032 540.81454 540.94288 541.04776 540.69271 540.54655 540.49988 540.46117 540.38457 540.32635 540.2318 540.16245 540.13639 540.05193 539.96387 539.92015 539.79762 539.76197 539.60248 539.60046 539.67535 540.06847 540.30259 540.59301 540.75902 540.70883 540.57389 540.10302 539.53592 538.41799
-9999 -9999 -9999 543.81155 543.46465 543.11776 542.77086 542.42397 542.52771 542.79059 543.05347 543.30723 542.85037 541.83254 541.37961 540.71894 538.23885 537.17645 537.64005 538.25645 539.51363 539.9655 540.05316 540.06451 540.02477 539.95276 540.09236 540.30786 540.34527 540.56326 540.46929 540.44089 540.64568 540.95451 541.02044 541.21158 541.10584 540.79459 540.75065 540.70914 540.67505 540.6472 540.58037 540.58627 540.53884 540.51902 540.43591 540.39095 540.31549 540.24713 540.14859 540.08801 539.97733 539.91036 540.03722 540.23526 540.26894 540.53088 540.70819 540.19538 540.05451 539.50489 538.96307 537.09643
-9999 -9999 -9999 543.78471 543.43781 543.09092 542.74402 542.39713 542.31332 542.5762 542.83908 542.86326 542.29227 541.25156 538.77147 536.46143 537.08172 538.1244 539.57954 539.93124 539.99221 539.99684 539.96972 539.88509 540.06301 540.35205 540.43746 540.63415 540.41711 540.54885 540.75105 541.08955 541.25672 541.22004 541.29019 541.19642 540.9824 540.95348 540.93867 540.92091 540.94498 540.90694 540.93447 540.91522 540.87195 540.80235 540.74932 540.71747 540.64848 540.55438 540.46947 540.39392 540.37126 540.24075 540.31434 540.33302 540.24828 540.50782 540.16596 539.48602 539.25043 538.82819 538.11566 536.94942
-9999 -9999 -9999 543.75787 543.41098 543.06408 542.71719 542.37029 542.09893 542.36181 542.62469 542.88757 539.30409 536.82401 536.52338 538.1647 539.62819 539.90224 539.93677 539.90932 539.87139 539.81817 540.03365 540.38479 540.56933 540.67423 540.33566 540.64968 540.85641 541.22458 541.4195 541.45575 541.38817 541.35802 541.22901 541.19772 541.16478 541.15776 541.20756 541.24598 541.25473 541.27959 541.29161 541.23586 541.18118 541.11495 541.08116 541.03765 540.94666 540.86253 540.80157 540.72851 540.6807 540.51216 540.48255 540.2747 540.22014 540.60155 539.00929 538.7241 538.40127 538.17641 537.33726 536.88445
-9999 -9999 -9999 543.73103 543.38414 543.03724 542.69035 542.34345 541.99656 542.14743 542.41031 542.67319 535.64794 536.81493 538.11541 539.73917 539.89973 539.82506 539.76946 539.75125 540.00429 540.36659 540.69501 540.7143 540.26795 540.74431 540.96668 541.35961 541.55453 541.69476 541.63795 541.54163 541.44422 541.4333 541.44488 541.39312 541.42003 541.46891 541.56103 541.62867 541.62471 541.668 541.60108 541.5521 541.4774 541.44202 541.40958 541.368 541.27723 541.18966 541.1633 541.06393 540.98729 540.77888 540.52263 540.20364 540.10534 540.77029 538.05399 537.97621 537.78982 537.6496 537.04091 536.89188
-9999 -9999 -9999 543.70419 543.3573 543.0104 542.66351 542.31661 541.96972 541.93304 542.19592 542.4588 538.06232 537.51776 537.66853 538.49931 539.79971 539.84526 539.80028 539.78101 540.06242 540.50516 540.64324 540.38208 540.73614 540.95882 541.22468 541.47911 541.48088 541.637 541.68678 541.63638 541.60517 541.68265 541.68094 541.64655 541.6752 541.71056 541.78551 541.81015 541.75061 541.79104 541.70594 541.70572 541.63943 541.60369 541.54314 541.52265 541.38516 541.31678 541.28637 541.23947 541.13568 540.9394 540.59323 540.1492 540.04542 539.81786 537.30191 537.22106 537.22824 537.09957 536.99393 536.98947
-9999 -9999 -9999 543.67735 543.33046 542.98356 542.63667 542.28977 541.94288 541.71865 541.98153 542.24441 543.44911 538.45262 538.68604 538.40067 538.88322 539.82547 539.81475 539.78889 540.10549 540.48912 540.32187 540.63992 540.87005 541.11737 541.35082 541.52933 541.29124 541.48533 541.70443 541.75277 541.76612 541.932 541.917 541.89998 541.93089 541.95523 542.01014 541.9839 541.87008 541.86336 541.77145 541.78919 541.76815 541.68383 541.6363 541.54269 541.45872 541.27575 541.14399 541.09629 540.99492 540.81941 540.76938 540.59782 540.22335 540.24953 539.11348 537.69025 537.46593 537.40106 537.28004 537.20029
-9999 -9999 -9999 543.65051 543.30362 542.95672 542.60983 542.26293 541.91604 541.56914 541.76714 542.03002 542.70457 539.36127 539.70355 539.41818 539.13282 539.26713 539.79837 539.7932 540.11647 540.26166 540.5437 540.77869 541.02636 541.27593 541.47697 541.57787 541.11978 541.31405 541.66589 541.80281 541.92708 542.17857 542.15773 542.15341 542.18659 542.21084 542.21339 542.15001 541.98954 541.93339 541.79424 541.83434 541.86242 541.82986 541.74449 541.62588 541.52844 541.36656 541.12026 540.9669 540.90358 540.70267 540.53086 540.57402 540.59622 540.3434 540.45334 538.66596 538.10998 537.88594 537.81475 537.69683
-9999 -9999 -9999 543.62368 543.27678 542.92988 542.58299 542.23609 541.8892 541.5423 541.55276 541.81564 542.07852 541.51819 540.72106 540.43569 540.15033 539.86497 539.6496 539.88151 540.21528 540.44748 540.69233 540.93534 541.18491 541.43449 541.61211 541.62641 541.04814 541.06635 541.59209 541.85401 542.09262 542.41052 542.41096 542.40446 542.44229 542.44 542.40687 542.31073 542.109 541.99934 541.80487 541.87482 541.96244 541.95242 541.87661 541.78844 541.60694 541.48699 541.21963 540.97766 540.77455 540.70735 540.38149 540.21731 540.41076 540.64662 540.52742 540.72753 538.96248 538.53663 538.32506 538.21731
-9999 -9999 -9999 543.59684 543.24994 542.90305 542.55615 542.20926 541.86236 541.51546 541.33837 541.60125 541.86413 544.62832 541.73856 541.4532 541.16784 540.45638 539.41212 540.19018 540.36864 540.60684 540.84432 541.09389 541.34347 541.59305 541.7535 541.67495 541.00796 540.75608 541.48146 541.89162 542.19034 542.64247 542.66418 542.65289 542.69798 542.65496 542.61189 542.46029 542.22846 542.06528 541.86465 541.90333 542.0145 542.0362 542.02382 541.9041 541.79809 541.61223 541.42345 541.08872 540.83783 540.56681 540.4691 540.07006 539.99362 540.32219 540.74316 540.68418 540.75311 539.32369 538.94086 538.71979
-9999 -9999 -9999 543.57 543.2231 542.87621 542.52931 542.18242 541.83552 541.48863 541.14173 541.38686 541.64974 543.88377 542.75607 541.82399 539.24028 537.33043 539.53377 540.1217 540.63629 540.72829 540.90168 541.31484 541.59778 541.77326 541.89489 541.73634 540.96778 540.50819 541.31122 541.87571 542.29175 542.84873 542.87038 542.86522 542.9173 542.75603 542.69875 542.57672 542.34211 542.13122 541.92917 541.92589 542.04659 542.13529 542.1367 542.06071 541.95336 541.7452 541.54364 541.31591 540.98727 540.68751 540.35908 540.20345 539.71136 539.80231 540.23362 540.78496 540.85766 540.53508 539.69361 539.3478
-9999 -9999 -9999 543.54316 543.19626 542.84937 542.50247 542.15558 541.80868 541.46179 541.11489 541.17247 541.43535 543.13923 545.18377 543.30517 538.70544 536.33228 538.48592 539.92087 539.98344 539.96277 540.01517 540.10662 540.32177 540.55807 540.59439 540.97815 540.82577 540.93177 541.66355 542.08144 542.24821 542.5461 542.53786 542.81593 542.89868 541.94101 541.75383 542.41292 542.36175 542.21613 542.07019 542.13132 542.25456 542.33068 542.32843 542.24526 542.12764 541.93535 541.75982 541.5165 541.17031 540.85259 540.58346 540.34547 539.97712 539.58865 539.92317 540.57044 541.02596 541.03975 540.68811 540.0515
-9999 -9999 -9999 543.51632 543.16942 542.82253 542.47563 542.12874 541.78184 541.43495 541.08805 540.95809 541.22097 542.39468 545.0624 544.37027 544.07935 538.84349 539.05325 538.89227 538.39245 538.44485 538.49725 538.57729 538.77172 538.97725 539.08271 540.55183 540.674 541.39949 542.03377 542.26292 542.16273 542.2031 542.20357 542.76664 542.87826 541.00118 540.82194 542.24319 542.42732 542.30038 542.22192 542.34179 542.4754 542.53381 542.52748 542.4381 542.31628 542.10665 541.93391 541.71387 541.40481 541.13194 540.90432 540.66507 540.3012 539.98638 540.32715 540.95706 541.28949 541.26038 540.91249 540.58353
-9999 -9999 -9999 543.48948 543.14258 542.79569 542.44879 542.1019 541.755 541.40811 541.06121 540.7437 541.00658 541.65014 544.94102 544.17268 543.73464 544.90872 541.24114 538.69447 536.88352 536.92693 536.97933 537.04275 537.1974 537.39644 537.61966 540.1255 540.73672 541.86722 542.39598 542.43127 541.92894 541.86348 541.86928 542.71073 542.72754 540.04576 539.95988 542.20083 542.47173 542.45357 542.40994 542.57324 542.69399 542.7359 542.7281 542.61381 542.49468 542.30195 542.14612 541.92876 541.67052 541.42526 541.22519 540.97062 540.63247 540.3841 540.73113 541.29992 541.52749 541.46741 541.13673 540.80777
-9999 -9999 -9999 543.46264 543.11575 542.76885 542.42195 542.07506 541.72816 541.38127 541.03437 540.68748 540.79219 541.05507 544.79883 544.0513 543.28296 543.09902 540.94926 538.49667 536.04408 535.409 535.46141 535.50822 535.60773 535.81885 536.1606 539.68722 540.83895 542.33526 542.7352 542.59963 541.80543 541.45956 541.53498 542.68862 542.53264 539.01352 539.38075 542.12829 542.55271 542.61003 542.65717 542.8066 542.90796 542.94121 542.92903 542.79372 542.67064 542.50422 542.34624 542.16277 541.94077 541.71796 541.547 541.28077 540.96094 540.78183 541.11798 541.59416 541.75695 541.68017 541.36097 541.03201
-9999 -9999 -9999 543.4358 543.08891 542.74201 542.39512 542.04822 541.70133 541.35443 541.00753 540.66064 540.5778 540.84068 543.57389 543.92993 543.16159 542.39325 540.56897 538.29887 535.84628 533.90583 533.94348 533.97364 534.02846 534.24845 534.70748 539.15676 540.93532 542.80357 543.07442 542.76798 541.69027 541.0674 541.26841 542.73034 542.05286 537.95236 538.85669 542.14164 542.6497 542.80049 542.88234 543.03037 543.09932 543.15596 543.13028 542.97866 542.84304 542.70871 542.56432 542.35993 542.17332 542.00909 541.87137 541.59475 541.2857 541.1853 541.50142 541.88599 541.9864 541.89976 541.58521 541.25625
-9999 -9999 -9999 543.40896 543.06207 542.71517 542.36828 542.02138 541.67449 541.32759 540.9807 540.6338 540.36342 540.6263 542.82934 543.80855 543.04021 542.27187 541.11035 536.51907 533.81015 533.19507 532.42035 532.43893 532.44918 532.68719 533.25437 538.64082 541.30145 543.27188 543.41364 542.93633 541.31345 540.67678 541.00437 542.73727 541.22228 536.93105 538.51712 542.21445 542.74883 542.9609 543.10359 543.26117 543.30109 543.36706 543.33563 543.16927 543.01934 542.91074 542.78768 542.60473 542.46831 542.29614 542.19574 541.90874 541.61046 541.58915 541.89094 542.17953 542.21804 542.11003 541.80946 541.48049
-9999 -9999 -9999 543.38212 543.03523 542.68833 542.34144 541.99454 541.64765 541.30075 540.95386 540.60696 540.26007 540.41191 542.08479 543.68718 542.91884 542.15049 541.23395 537.38618 534.55794 532.79715 532.04055 531.91881 531.83521 531.99661 532.59519 538.68734 541.16233 543.00286 543.11154 542.56589 540.63115 540.18621 540.69699 542.75171 540.12121 535.88609 538.72748 542.29932 542.87458 543.1337 543.3436 543.49585 543.5059 543.5776 543.52464 543.36784 543.2141 543.15017 543.00142 542.84952 542.73322 542.59704 542.52011 542.21376 541.94364 541.98442 542.28382 542.47318 542.4525 542.35328 542.0337 541.70474
-9999 -9999 -9999 543.35528 543.00839 542.66149 542.3146 541.9677 541.62081 541.27391 540.92702 540.58012 540.23323 540.19752 541.34025 543.5658 542.79746 542.02912 541.47436 538.17609 535.34617 532.69211 532.03864 531.84788 531.7878 531.98759 532.61634 538.36736 540.21268 541.43434 541.53053 540.6987 539.21855 539.10941 539.98491 541.92721 543.8695 545.42251 541.49272 544.72216 544.78661 542.2512 542.00526 542.00365 542.90818 543.08617 543.26351 543.26174 543.21605 543.26521 543.10605 543.06509 542.97872 542.87569 542.82508 542.48419 542.2496 542.34409 542.6987 542.81056 542.7434 542.62604 542.33898 542.3542
-9999 -9999 -9999 543.32844 542.98155 542.63465 542.28776 541.94086 541.59397 541.24707 540.90018 540.55328 540.20639 539.98313 540.5957 543.44443 542.67608 541.90774 541.71477 538.99489 535.75069 532.58405 532.02231 531.75623 531.72826 531.96745 532.7176 537.50209 539.23289 539.84991 539.94409 538.74366 537.9722 538.05746 539.36143 541.30372 543.24602 545.18831 547.1306 547.14519 547.75029 543.13065 539.30935 539.56033 541.9619 542.07187 542.62305 542.84111 543.1999 543.15634 543.07468 543.24482 543.10356 543.06752 543.07092 542.67607 542.38311 542.69744 543.1698 543.20989 543.11573 542.98497 542.48381 542.04471
-9999 -9999 -9999 543.30161 542.95471 542.60782 542.26092 541.91402 541.56713 541.22023 540.87334 540.52644 540.17955 539.83265 540.03163 543.32305 542.55471 541.79176 541.95518 539.87426 536.42168 532.48958 531.98683 531.67211 531.67212 531.96961 532.65479 536.50351 538.01034 538.27377 538.36785 537.18736 536.78901 537.07261 538.73795 540.68024 542.62254 544.56483 546.50712 548.44942 549.86691 550 544.77337 539.78011 539.99989 540.72501 541.33465 541.97008 542.83873 542.84656 543.12381 543.40546 543.28091 543.30928 543.20291 542.83063 542.54511 543.08871 543.64142 543.61245 543.51979 543.25353 542.75237 542.25122
-9999 -9999 -9999 543.27477 542.92787 542.58098 542.23408 541.88719 541.54029 541.1934 540.8465 540.4996 540.15271 539.80581 539.81724 543.20167 542.43333 542.03759 542.19559 540.83551 537.10886 532.38311 531.90522 531.60359 531.62702 531.93129 533.15684 535.48203 536.55884 536.68904 536.74712 535.81235 535.66789 536.17943 538.11447 540.05676 541.99905 543.94135 545.25955 546.13821 547.7832 549.58192 550 545.89554 538.33488 539.17558 540.06254 540.82702 541.24593 542.03862 542.4474 542.88645 542.97064 543.30864 543.02267 542.91903 542.6814 543.45309 544.09121 543.9739 543.9133 543.52209 543.02094 542.51978
-9999 -9999 -9999 543.24793 542.90103 542.55414 542.20724 541.86035 541.51345 541.16656 540.81966 540.47277 540.12587 539.77898 539.60285 543.0803 542.31196 542.278 542.436 541.48099 537.35009 532.35415 531.84081 531.55687 531.5886 531.90607 533.55271 534.42455 534.96285 535.10042 535.14566 534.52232 534.60741 535.54869 537.49098 539.43328 541.22805 541.74264 542.4095 543.98985 545.60514 547.59384 549.08438 550 550 538.1735 539.07014 540.17682 540.94897 541.21479 542.13124 542.22142 542.43722 542.22339 542.05457 541.92388 542.00123 543.0421 543.60352 543.32118 544.29821 544.29541 543.7403 543.62482
-9999 -9999 -9999 543.22109 542.87419 542.5273 542.1804 541.83351 541.48661 541.13972 540.79282 540.44593 540.09903 539.75214 539.40524 542.88257 542.19058 542.51841 542.67641 542.11889 537.03507 532.2393 531.73465 531.48983 531.54881 531.86464 532.87738 533.16931 533.38886 533.51887 533.60098 533.37161 533.5824 534.92521 536.8675 537.75565 538.26493 538.7875 540.14283 541.62836 543.61705 544.77833 545.61523 547.39608 549.7653 550 539.08717 539.85932 539.98991 541.2629 541.47291 541.54371 541.41538 541.28113 541.0085 540.3697 540.78253 541.66916 541.41979 540.58542 539.85802 539.15616 540.38301 540.5423
-9999 -9999 -9999 543.19425 542.84735 542.50046 542.15356 541.80667 541.45977 541.11288 540.76598 540.41909 540.07219 539.7253 539.3784 541.78404 542.08608 542.75882 542.91682 542.47118 536.99387 534.0759 531.74879 531.51436 531.60263 531.88243 531.9849 531.9014 531.84154 531.947 532.096 532.23736 532.52948 533.7312 534.27518 534.76631 535.26714 536.29005 537.623 539.99486 540.84092 540.46693 541.49185 541.72319 544.79761 545.80364 549.3295 549.61306 540.08621 540.72834 540.69752 540.60436 540.36575 540.09311 539.82048 538.76441 539.606 539.90979 539.07543 538.24106 537.4067 536.17318 535.65842 538.05407
-9999 -9999 -9999 543.16741 542.82051 542.47362 542.12672 541.77983 541.43293 541.08604 540.73914 540.39225 540.04535 539.69846 539.35156 539.54127 542.81475 542.99924 544.07767 541.20909 537.55643 533.90377 531.97162 531.75464 531.88103 532.04944 532.0349 531.99043 531.9431 531.96655 532.03563 532.0779 532.23609 532.42749 532.61492 532.83798 533.3561 534.34848 536.61609 537.66878 537.95008 537.56847 537.58503 538.08879 538.41182 538.86173 539.86702 544.0682 550 550 539.72299 539.45036 539.17773 538.9051 537.68368 537.41919 538.10532 537.56543 536.73107 535.8967 535.06234 534.47561 535.80033 537.236
-9999 -9999 -9999 543.14057 542.79368 542.44678 542.09989 541.75299 541.40609 541.0592 540.7123 540.36541 540.01851 539.67162 539.32472 539.00818 543.08165 542.19793 541.07832 538.99501 537.3843 533.73165 532.19427 531.98191 532.08201 532.17095 532.12645 532.04946 532.00676 532.04628 532.07684 532.21724 532.38711 532.59392 532.84035 533.15348 533.68789 534.85877 536.6624 537.40453 538.20179 538.68469 538.68324 539.27728 540.15599 540.51471 541.76498 546.66579 550 545.51615 541.88787 539.9839 537.98971 537.71708 535.5308 536.10065 536.05543 535.22107 534.63626 533.94411 533.85844 534.23702 535.22916 536.57553
-9999 -9999 -9999 543.11373 542.76684 542.41994 542.07305 541.72615 541.37926 541.03236 540.68547 540.33857 539.99167 539.64478 539.29788 538.95099 538.64732 537.54944 537.42816 535.29757 534.51218 533.55952 532.41489 532.21086 532.22049 532.22851 532.20478 532.13679 532.09653 532.1305 532.17626 532.36817 532.58408 532.84067 533.12287 533.4274 533.97554 535.0855 536.29377 537.09102 537.88827 538.68552 539.34209 539.93103 541.09956 542.22062 547.80534 550 547.13031 545.23128 543.19126 540.71295 538.28724 535.63816 534.58873 534.8154 533.31273 533.22398 533.3819 533.48137 533.35839 533.37206 534.59151 536.61241
