selecton.tif
NCOLS 300
NROWS 300
XLLCORNER 2357992.2
YLLCORNER 6928567.2
DX 42.206435
DY 72.519956
NODATA_VALUE -9999
[rows 56 to 83 of 300, columns 128 to 191 of 300]
543.09826 543.55116 544.00406 544.45696 544.6711 544.43852 544.20594 543.97337 543.74079 543.50822 543.27564 542.59877 540.18697 537.6456 535.51963 533.10109 531.3796 530.1368 528.31949 526.07436 525.04102 524.42652 523.70616 523.34995 522.99764 522.60525 522.19957 522.03426 521.61339 521.49573 521.54915 521.18423 520.4237 519.96642 519.6454 519.23709 518.83585 518.63369 518.38082 518.44892 518.12845 518.26251 518.06315 517.42668 516.74862 516.54651 515.68649 515.12163 514.97683 515.13711 515.0122 514.68669 514.53693 514.28087 514.0906 513.39041 513.0013 513.42338 514.95255 512.84235 512.44301 512.2819 511.99793 511.68832
544.08272 544.53562 544.71582 544.48325 544.25067 544.0181 543.78552 543.55294 543.32037 543.08779 542.33182 540.07535 537.81006 535.55464 532.54634 530.59763 529.0623 527.75047 526.09265 524.91589 524.18597 523.56122 523.17187 522.83629 522.49988 522.1581 521.98929 521.62228 521.67223 521.50803 521.20056 520.55822 520.06492 519.75709 519.35188 519.04609 518.80759 518.93186 518.53177 518.89495 518.69548 518.07679 517.47416 517.1234 516.39491 515.70731 515.14676 514.97543 515.02397 514.89829 514.71548 514.45118 514.42365 514.19798 513.56068 513.70867 514.88899 514.01457 512.94189 512.62403 512.3227 512.02412 511.94229 511.98821
544.76055 544.52798 544.2954 544.06282 543.83025 543.59767 543.38706 543.5042 543.81357 542.63444 540.24178 538.08989 535.8246 533.48622 530.81851 528.97174 527.53876 526.01934 524.91344 524.00157 523.40917 523.02116 522.67629 522.3627 522.19379 521.88109 521.68499 521.65371 521.4669 521.27062 520.69092 520.21824 519.92052 519.53832 519.37968 519.14841 519.17042 519.50313 519.32781 518.67622 518.3505 517.64474 517.25484 516.22281 515.73464 515.14559 515.17008 514.82864 514.76518 514.63675 514.24297 514.37917 513.92343 513.74687 513.97616 515.64496 513.76936 512.84415 512.64747 512.36409 512.2701 512.25538 511.80794 511.92843
544.34013 544.10755 543.87497 543.95232 544.13133 544.22893 544.05202 544.07517 543.5215 540.81011 538.53582 536.08102 533.83913 531.40628 529.4354 527.87423 526.64808 525.41683 524.31756 523.50635 522.97388 522.70222 522.42189 522.18951 521.86285 521.75662 521.60181 521.42578 521.28312 520.76318 520.39805 520.17443 519.81898 519.72903 519.44782 519.49006 519.79034 519.27692 518.73278 518.28597 517.86204 517.06124 515.98963 515.68398 515.21666 515.36607 514.86634 514.79397 514.64242 514.48195 514.42912 513.97905 513.92322 514.48809 514.69295 513.35941 513.02724 512.64972 512.63881 512.52129 512.50428 512.23645 512.03081 512.01793
544.46277 544.64215 544.36435 544.3875 544.41065 544.43381 544.45696 544.44636 542.31964 539.14872 536.6385 534.53831 532.25314 530.09264 528.26058 526.87612 525.74139 524.92264 524.25653 523.59042 522.91003 522.44062 522.24944 522.06913 521.77612 521.56069 521.38465 521.22578 520.83544 520.56751 520.42569 519.99806 520.07838 519.73193 519.81017 519.91893 519.03615 518.06495 517.82823 517.52556 516.8437 516.056 515.45287 515.19113 515.19889 514.86179 514.81311 514.45479 514.44007 514.38886 513.91332 514.09854 514.45285 513.80577 513.14682 513.00417 512.87297 512.81325 512.66232 512.37106 512.27036 512.62645 512.55277 512.40668
544.72299 544.74614 544.48754 544.45 544.41604 544.38207 544.14889 542.42423 539.92037 537.75964 535.95329 533.42053 531.08629 528.98046 527.32431 525.86659 524.89542 524.2293 523.56319 522.87881 522.35223 521.80357 521.93991 521.7548 521.5697 521.3846 521.15061 520.97545 520.84136 520.67506 520.43416 520.42773 520.01604 520.13058 520.04678 519.68847 517.57982 517.29967 517.00748 516.72848 516.1669 515.69656 515.21594 515.10855 514.87024 514.65555 514.4681 514.4136 514.09993 514.16248 514.15425 514.41525 513.49964 513.37734 513.14183 512.92086 513.13877 512.83885 512.5031 512.42713 512.60212 512.5474 512.6823 512.69498
544.41968 544.38572 544.35175 544.31779 544.25436 543.91919 542.31797 539.98887 537.79493 535.51084 533.47097 532.0441 529.775 527.75789 526.16333 524.86819 524.20207 523.48561 522.79507 522.30386 521.78201 521.81068 521.62558 521.44048 521.25538 521.10152 520.9937 521.06688 521.35383 520.78982 519.75502 519.78968 520.25708 520.35237 520.29548 517.24661 516.67887 516.50375 516.34309 515.98172 515.61226 515.3078 515.03381 514.74861 514.86942 514.48871 514.45329 513.99888 514.04262 514.31927 513.89581 513.83146 513.4724 513.32109 513.23357 513.34835 513.03329 512.9526 512.95263 512.98066 512.83496 512.97475 512.78538 512.37018
544.28747 544.25351 544.21821 544.07771 543.94657 542.39309 540.15363 537.75401 535.53777 533.41456 531.25997 529.489 528.38055 526.47636 524.95937 524.17485 523.34612 522.59524 522.01319 521.86106 521.68146 521.49636 521.31126 521.12108 520.95586 520.97782 520.932 521.20437 520.3822 518.23002 518.25872 518.76309 518.64698 519.17989 517.27226 516.4568 516.13567 515.96941 515.79111 515.6286 515.33938 515.163 515.03184 514.90068 514.73552 514.56735 514.20652 514.30473 514.09046 513.63987 513.70268 513.62727 513.56883 513.38415 513.41892 513.4076 513.21424 512.93417 513.07081 512.94992 512.98094 512.59663 512.0113 512.4297
544.15527 544.15425 543.97459 544.29105 542.46557 540.05297 537.91492 535.75292 533.66638 531.44818 529.25873 527.33028 526.05146 525.14006 524.05922 523.13073 522.37587 521.86013 521.73734 521.55224 521.3839 521.13323 520.92357 520.89586 520.77473 520.82563 520.89408 519.39613 518.21182 518.04626 518.07317 517.38886 517.04976 516.9739 517.08751 516.19978 516.02131 515.80625 515.58942 515.54673 515.27046 515.1393 515.00815 514.87699 514.73876 514.63536 514.50484 514.37431 514.24379 514.11327 513.79156 513.68637 513.40586 513.48949 513.3386 513.20461 513.25428 513.03328 513.28248 512.98792 512.37185 511.94127 512.13831 511.95859
538.42307 539.01263 539.60219 540.19175 540.08969 537.58045 535.21015 533.11151 530.94799 528.75085 526.90631 525.16067 523.79863 523.31283 522.83142 522.2228 521.71904 521.60812 521.38002 521.14296 520.89128 520.79929 520.68678 520.6347 520.71602 520.57607 518.75051 518.23791 518.07846 517.99266 517.42227 517.16287 516.82936 517.32223 516.11218 515.99603 515.95877 515.73591 515.6285 515.40928 515.24677 515.11561 515.06099 514.84062 514.77033 514.63981 514.50929 514.37876 514.08609 514.0726 513.94678 513.48116 513.80415 513.45715 513.27972 513.35472 513.22017 513.25071 512.65427 512.06416 511.7004 511.66963 511.67536 511.83148
532.99416 533.61274 533.91631 534.28557 534.4232 533.01456 530.60756 528.3624 526.44025 525.09777 523.94718 523.08818 522.50393 522.11862 521.87637 521.64204 521.33538 521.17071 520.85899 520.74975 520.65402 520.46848 520.25704 520.3451 520.15711 518.71495 518.29077 518.11067 517.91214 517.45568 517.18421 516.9304 517.08669 516.33631 516.17158 515.9294 515.78138 515.63337 515.52434 515.35423 515.2685 515.0476 514.94247 514.90215 514.77478 514.64426 514.49883 514.39124 514.24512 513.97201 513.66398 513.84156 513.73291 513.50786 513.24501 513.56694 513.16217 512.43189 511.78635 511.50238 511.32533 511.39213 511.47543 511.62988
527.01474 526.92917 526.83917 526.64167 526.42553 526.19125 525.07043 524.1431 523.39874 522.95349 522.55307 522.17768 521.80799 521.43309 521.31863 521.13236 520.79839 520.70022 520.56673 520.34685 520.25101 520.14839 520.01027 519.93834 518.69369 518.34363 518.14287 517.83162 517.48908 517.24523 517.10694 516.85061 516.42379 516.24864 516.02039 515.87237 515.73814 515.55167 515.41877 515.48139 515.19776 515.04432 514.95497 514.90976 514.77923 514.52202 514.51887 514.35107 513.99723 513.93049 513.87897 513.68772 513.46486 513.05669 513.06085 512.8158 512.63614 511.63585 511.17852 511.05923 511.1089 511.13813 511.25259 511.84343
524.40001 524.23601 524.07439 523.92842 523.7468 523.63426 523.45766 523.04069 522.69886 522.42971 522.10136 521.73922 521.56159 521.23379 521.04049 520.94098 520.67118 520.37016 520.16224 520.13393 520.00493 519.55659 519.52569 518.64073 518.39648 518.17689 517.83535 517.53451 517.27535 517.1162 516.65786 516.44913 516.25939 516.11137 515.95247 515.76366 515.62566 515.48396 515.39008 515.16149 515.02694 515.22815 515.06422 514.91878 514.82578 514.58801 514.48669 514.16571 514.1597 513.89269 513.51696 513.15237 513.01045 512.86496 512.79415 513.00666 512.5779 511.88486 511.36151 510.98549 511.06141 510.87595 511.50045 512.37304
523.71746 523.7225 523.7306 523.5489 523.39626 523.05292 522.99954 522.9384 522.66059 522.4685 522.16401 521.85839 521.65827 521.33066 520.93263 520.75304 520.60918 520.14362 520.05164 519.54408 519.31649 519.1548 518.5413 518.44934 518.21735 517.88781 517.60149 517.2895 517.2502 516.74514 516.51851 516.35037 516.20236 515.95795 515.83447 515.69086 515.54915 515.40744 515.26623 515.13752 515.32804 515.08685 515.0622 514.92459 514.77703 514.57636 514.40376 514.3321 513.88996 513.52845 512.88292 512.64949 512.56937 512.97065 513.32883 513.30162 512.70484 512.16807 511.86867 511.73107 511.4218 511.93929 512.41425 513.17125
524.53388 524.43519 524.32245 524.16796 524.00956 523.85447 523.60821 523.23507 522.87484 522.59441 522.32697 521.99981 521.63906 521.29637 520.9879 520.67444 520.33931 520.06158 519.77491 519.463 519.20137 518.75747 518.43512 518.25575 517.94028 517.67537 517.42757 517.24934 516.90525 516.65096 516.44136 516.17534 516.02819 515.89776 515.75605 515.61434 515.47263 515.37521 515.19577 515.12011 515.02512 515.05682 515.02412 514.89975 514.66963 514.5409 514.50947 513.74518 513.21368 512.58836 512.37931 512.3991 513.54961 513.651 513.64518 513.39517 512.86128 512.51145 512.12976 512.26215 512.18645 512.65213 513.03504 513.35361
526.78717 526.7759 526.67067 526.40949 526.12367 525.80699 525.04444 524.26057 523.04611 522.62474 522.2491 521.84268 521.45112 521.08201 520.7019 520.36944 520.15004 519.88842 519.62679 519.36516 519.10353 518.51975 518.63278 518.09091 517.82676 517.54747 517.20573 516.97777 516.65414 516.42084 516.20202 516.11539 515.96295 515.82124 515.67953 515.53782 515.39611 515.18134 514.98219 515.21482 515.08285 515.07341 514.9072 514.80927 514.5431 514.54663 513.74099 512.89891 512.20738 512.1082 512.52361 513.97899 513.97317 513.96735 513.94161 513.57174 513.13748 512.90547 512.86584 512.73675 512.99228 513.25512 513.40638 513.84199
532.32346 532.20098 531.40152 530.49679 529.4109 528.1871 526.72261 525.0747 523.4841 521.88848 521.55365 521.25581 520.92952 520.62957 520.57546 520.31383 520.0522 519.79057 519.52894 519.26732 518.97722 518.53714 518.5696 517.94191 517.80822 517.42135 517.09246 516.76158 516.37992 516.31173 516.16985 516.02814 515.88643 515.74472 515.60301 515.4613 515.36034 515.13096 515.09091 515.01226 515.10766 514.97813 514.84871 514.70608 514.61512 514.20688 513.71435 512.54272 512.00949 512.96911 514.30116 514.29534 514.28951 514.28369 514.12379 513.82366 513.60388 513.35231 513.37181 513.54192 513.65535 513.44547 513.40645 514.20849
537.07412 535.80514 534.54686 533.00762 531.46837 529.92913 528.38988 526.85064 525.3114 522.44281 521.2306 521.00102 521.03774 520.40092 520.24878 520.13212 519.95436 519.69273 519.4311 519.16947 518.80641 518.46189 518.25969 518.05939 517.69768 517.43699 517.2088 516.63993 516.47564 516.39448 516.16363 515.95162 515.80991 515.6682 515.52649 515.38478 515.154 515.01005 515.10947 515.08562 515.05916 514.9708 514.83921 514.63133 514.58001 514.28193 513.89368 512.47995 511.82421 513.89899 514.30657 514.77354 514.5714 514.58161 514.46821 514.27885 513.97653 513.95166 514.09245 514.22136 514.15463 513.71278 513.88349 514.45602
540.04539 537.9134 536.37415 534.83491 533.29567 531.75642 530.21718 528.67793 527.02652 528.95534 532.93298 531.40513 528.87778 525.91349 521.72682 520.24311 519.85132 519.5892 519.33326 519.07163 518.66244 518.43232 518.20551 517.85524 517.49157 517.07481 517.07616 516.71441 516.53221 516.36779 516.22754 516.21616 515.70422 515.6528 515.43262 515.35137 515.15754 515.11508 515.07894 515.12318 515.05944 514.95353 514.89053 514.74139 514.66744 514.45476 513.85583 512.43497 512.0909 514.12914 514.44094 514.58291 514.72488 515.12159 514.9148 514.83136 514.56166 514.62881 514.76732 514.63018 514.40531 514.07052 514.76558 514.82599
540.19589 539.05694 537.78556 536.47967 535.11333 533.75526 532.04447 530.50523 537.57257 541.19208 544.13216 543.95191 542.23608 538.65001 532.93013 524.53881 521.25678 520.00459 519.34583 519.015 518.60666 518.31671 518.13264 517.87039 517.49381 517.1495 516.92634 516.72181 516.59658 516.42417 516.2948 516.18828 515.89078 515.82257 515.69655 515.45289 515.32854 515.14239 515.2313 515.14374 515.16806 515.09528 515.02555 514.87221 514.79248 514.5917 513.89219 512.50501 512.40649 514.3109 514.54269 514.68466 515.05645 515.22553 515.16835 515.26357 515.32102 515.29362 514.82841 514.84638 514.74813 514.88056 514.96312 515.30203
540.52355 538.98154 537.80538 536.62922 535.45305 534.27689 533.42023 537.47175 545.05248 550 550 550 550 544.45712 540.56431 534.04134 524.56621 521.07011 519.52938 518.87744 518.51565 518.27489 518.08989 517.78011 517.42403 517.17158 516.97985 516.77479 516.66463 516.50959 516.37407 516.21662 516.08689 515.92732 515.81655 515.57711 515.38819 515.40519 515.29878 515.1643 515.27667 515.23702 515.16056 515.00426 514.91752 514.72863 513.92856 512.57506 512.72209 514.49266 514.64443 514.83515 515.24002 515.43883 515.76367 515.38393 515.67257 515.71616 515.58394 515.39387 515.11102 515.36115 515.24802 516.04518
546.96046 545.12672 542.98255 541.5624 540.25628 539.90297 540.41441 543.7548 548.09444 550 550 550 549.24925 543.54211 536.54896 531.24034 527.80082 523.5125 519.61857 518.79198 518.45687 518.23994 518.04467 517.73202 517.46592 517.22075 516.92566 516.82869 516.733 516.59501 516.46849 516.3227 516.04731 515.95451 515.8033 515.61164 515.39349 515.47267 515.36625 515.18486 515.37613 515.37877 515.39095 515.13631 515.04256 514.85705 513.96493 512.68483 513.03769 514.65325 514.74618 515.57893 515.64834 515.96882 516.07369 515.97586 516.02634 515.89957 515.79296 515.64673 515.68968 515.4474 515.64007 517.29269
550 550 550 550 550 550 550 550 550 550 550 549.78044 544.34318 540.52605 536.23774 531.94942 527.66111 523.37279 519.52854 518.78626 518.50922 518.25927 518.05094 517.8461 517.57173 517.26704 517.02492 516.92942 516.84373 516.65479 516.47955 516.36651 516.19635 516.05693 515.86198 515.73551 515.67588 515.30618 515.41345 515.36119 515.47445 515.51679 515.66662 515.26836 515.17331 514.97964 513.98938 512.81964 513.35328 514.76277 515.34598 515.79094 516.19617 516.2499 516.0899 516.28073 516.23629 516.26596 516.28328 516.24449 515.96529 515.872 516.88758 518.42644
550 550 550 550 550 550 550 550 550 549.21894 545.6279 542.74476 541.17881 539.54035 536.09802 531.80971 527.52139 523.23307 519.43223 518.78054 518.45638 518.28912 518.10002 517.91081 517.65198 517.33634 517.12417 517.03328 516.96303 516.80018 516.57905 516.36755 516.32847 516.16878 516.00908 515.88652 515.82714 515.77365 515.73465 515.69794 515.79554 515.56662 515.5612 515.4292 515.30734 515.12441 514.01764 512.96501 513.59186 514.87703 516.17531 516.33912 516.63305 516.60388 516.69022 516.81106 516.81168 516.79758 516.76481 516.71439 516.67048 517.27087 518.3899 519.56373
550 550 550 550 550 550 550 547.39987 544.19906 541.59301 540.00543 538.81232 537.53601 536.16132 534.97227 531.66999 527.38168 523.09336 519.31396 518.77638 518.46159 518.29995 518.14536 517.8895 517.81139 517.43131 517.22342 517.16352 516.99628 516.91497 516.71919 516.54537 516.4606 516.3009 516.1412 515.9815 515.90566 515.9126 515.81004 515.73681 515.73138 515.72595 515.72225 515.61043 515.48634 515.36699 514.11011 513.09132 513.75996 515.02233 516.94598 516.85225 517.15886 517.2387 517.24439 517.34765 517.32462 517.3642 517.39293 517.36168 517.40968 518.05765 518.92921 519.88817
550 550 550 550 548.23155 545.86018 543.3421 541.26829 539.29472 536.67049 535.05307 534.38279 533.22319 532.54101 531.45176 530.4903 527.24196 522.95365 519.19569 518.77409 518.47875 518.2887 518.04493 517.86768 517.76536 517.52628 517.32268 517.28796 516.98734 516.90307 516.78294 516.73855 516.59272 516.43302 516.27332 516.11362 515.95393 515.8165 515.90157 515.89614 515.89071 515.88528 516.02636 515.733 515.79454 515.29821 514.43416 513.24069 513.80953 515.08979 517.7214 517.36537 517.66861 517.82937 517.79559 517.92706 517.84439 517.97599 518.02866 518.01159 518.0882 518.51905 519.17755 519.89143
550 550 550 547.09279 543.4592 541.04186 538.9842 536.79758 534.71446 532.06849 529.73575 529.23092 529.03466 528.34588 527.63304 526.7422 526.00833 522.81393 519.07742 518.76879 518.50032 518.26743 517.99621 517.93665 517.82418 517.62125 517.42193 517.3546 517.08322 516.962 516.74849 516.8736 516.72484 516.56514 516.40545 516.25474 516.11969 515.97027 516.05943 516.05208 516.05004 516.04461 515.93322 515.93307 515.75823 515.46772 514.55801 513.36468 513.91206 515.16986 518.49683 517.87746 518.16709 518.37024 518.34896 518.44892 518.42268 518.53216 518.6519 518.6615 518.76679 519.05661 519.54101 519.98645
550 547.4112 544.41899 541.89426 539.84257 537.70764 535.73716 532.96324 530.21747 527.74336 524.689 524.0182 523.98823 523.67634 523.26301 522.77554 522.03264 521.52635 518.96992 518.83272 518.52525 518.27829 518.08704 518.04715 517.89995 517.74745 517.52119 517.45338 517.25077 517.09364 516.99548 517.01666 516.85697 516.73515 516.49833 516.31569 516.08789 516.09509 516.30291 516.26756 516.18548 516.20394 516.07137 516.04853 515.87408 515.65035 514.5116 513.48867 513.98053 515.44605 519.27225 518.33405 518.67624 518.92875 518.91671 518.92322 519.00695 519.13691 519.26768 519.31141 519.43128 519.64551 519.95917 520.34378
