selecton.tif
NCOLS 300
NROWS 300
XLLCORNER 2357992.2
YLLCORNER 6928567.2
DX 42.206435
DY 72.519956
NODATA_VALUE -9999
[rows 112 to 139 of 300, columns 192 to 255 of 300]
520.37138 520.56164 520.42303 520.57741 520.69504 520.83662 520.83224 520.88865 520.98484 521.1175 521.27679 521.16772 521.15589 521.40288 521.72933 521.59034 521.75752 521.90522 521.82214 522.1382 522.21832 522.30731 522.61744 522.56683 522.83 523.22783 523.61218 524.05861 525.02733 526.19477 527.74504 529.44244 531.358 533.49971 536.477 538.34619 540.27785 542.19734 544.05748 544.01663 543.97578 543.93493 543.89408 543.85323 543.81238 543.77153 543.73068 543.68983 544.09619 544.43329 544.7704 544.61328 544.39154 544.1698 543.94805 543.72631 543.73118 543.82639 543.95527 544.08416 544.21304 544.34193 543.39095 541.75012
520.46051 520.5856 520.47438 520.6234 520.69954 520.92463 520.8767 521.01812 520.86469 521.05473 521.24163 521.28952 521.36105 521.37788 521.77519 521.70165 521.88912 521.99019 521.92973 522.26948 522.32716 522.49251 522.73391 522.74749 522.98133 523.40396 523.78831 524.17451 525.12816 526.08487 527.50431 529.15677 530.78639 532.77772 535.6289 537.55798 539.41814 541.17969 542.77798 544.09786 544.057 544.01615 543.9753 543.93445 543.8936 543.85275 543.8119 544.05723 544.39025 544.72736 544.61076 544.38902 544.16727 543.94553 543.72379 543.50204 543.7603 543.88919 544.01807 544.14696 544.27584 543.91112 542.27029 540.62945
520.5845 520.60956 520.5252 520.66939 520.64387 520.8182 520.80275 520.96685 521.04821 521.3054 521.27669 521.29387 521.47998 521.33926 521.50652 521.78194 521.97332 522.07516 522.22384 522.40084 522.43601 522.65719 522.85039 522.92815 523.1317 523.58008 524.06118 524.29384 525.20826 525.91731 527.244 528.75033 530.38666 532.2212 534.65956 536.78655 538.55843 540.32262 541.71023 543.31725 544.13823 544.09738 544.05652 544.01567 543.97482 543.93397 543.89312 544.34721 544.68432 544.60824 544.3865 544.16475 543.94301 543.72126 543.49952 543.69422 543.8231 543.95199 544.08087 544.20976 544.33865 542.79046 541.14962 540.77747
520.69205 520.63351 520.58687 520.79719 520.97986 520.8021 521.02161 520.7725 521.05086 521.23468 521.12333 521.32605 521.40665 521.47255 521.56325 521.85671 522.05194 522.16012 522.39039 522.51752 522.5774 522.81112 522.96686 523.1088 523.27967 523.75621 524.24588 524.41317 525.27665 525.82503 526.99207 528.45751 529.93991 531.62579 533.67445 536.01511 537.78091 539.63141 540.88638 542.23958 543.80356 544.1786 544.13775 544.0969 544.05604 544.01519 544.30417 544.64127 544.60572 544.38397 544.16223 543.94049 543.71874 543.497 543.62813 543.75702 543.8859 544.01479 544.14368 544.27256 543.31063 541.66979 541.00114 540.69125
520.75224 520.65747 520.62532 520.79246 521.1173 520.86803 520.94885 520.99012 521.31396 521.1979 521.07021 521.33824 521.21188 521.7245 521.6138 521.94445 522.1389 522.29283 522.50691 522.62355 522.72097 522.95037 523.08333 523.28946 523.42868 523.93233 524.36521 524.5325 525.34504 525.80467 526.83404 528.16462 529.50542 531.15077 533.00454 535.22722 536.99639 538.85767 539.95112 541.22399 542.6258 544.21846 544.21897 544.17812 544.13727 544.12261 544.59823 544.6032 544.38145 544.15971 543.93796 543.71622 543.49448 543.56205 543.69093 543.81982 543.94871 544.07759 544.20648 543.8308 542.18997 541.22482 540.91493 540.60503
520.81243 520.68143 520.68973 520.73103 520.87802 520.95738 520.67617 521.047 521.22773 521.28416 521.22688 521.45286 521.21146 521.76491 521.73857 522.05545 522.22585 522.41707 522.62344 522.75483 522.86454 523.11771 523.19981 523.47012 523.57904 524.10846 524.48454 524.65184 525.41344 525.87306 526.79693 527.97613 529.18229 530.65507 532.38939 534.40932 536.20569 538.03153 539.08659 540.33925 541.70481 543.05464 544.30019 544.25934 544.21849 544.55519 544.60067 544.37893 544.15719 543.93544 543.7137 543.49195 543.49286 543.62485 543.75374 543.88262 544.01151 544.14039 544.26928 542.71014 541.0693 541.1386 540.82871 540.51881
520.87262 520.70538 520.94681 520.73862 520.75261 521.22455 520.91924 521.32252 521.19095 521.0838 521.40989 521.47334 521.41029 521.90418 522.03073 522.15485 522.3128 522.51335 522.73996 522.8706 523.00811 523.30097 523.32548 523.65135 523.76162 524.34543 524.60387 524.77117 525.48183 525.94145 526.74541 527.76923 528.92686 530.27857 531.82407 533.59122 535.39225 537.18792 538.39538 539.58445 540.73776 542.0874 543.52428 544.34056 544.47173 544.59815 544.37641 544.15466 543.93292 543.71118 543.48943 543.26769 543.55877 543.68765 543.81654 543.94542 544.07431 544.20319 543.23031 541.58947 541.36228 541.05239 540.74249 540.43259
520.97009 520.81342 521.32649 521.16458 520.93363 520.69345 521.03532 521.22078 521.15417 520.90876 521.35722 521.32936 521.53 521.95473 522.20164 522.24744 522.39975 522.62612 522.85648 522.91248 523.15169 523.46313 523.45503 523.83749 523.96586 524.55591 524.7232 524.8905 525.55022 526.00984 526.63945 527.5376 528.66675 529.93413 531.34759 532.80256 534.60952 536.41503 537.91612 538.84302 540.05266 541.38582 542.59601 544.08129 544.59563 544.37389 544.15214 543.9304 543.70865 543.48691 543.26517 543.49268 543.62157 543.75045 543.87934 544.00822 544.13711 543.75048 542.10964 541.58596 541.27606 540.96617 540.65627 540.34637
521.08777 521.06054 521.45799 521.27502 521.14645 520.86313 521.54099 521.23684 521.19223 521.04319 521.48754 521.2637 521.75478 521.49372 522.3352 522.37477 522.51321 522.73198 522.97905 522.904 523.40083 523.58312 523.61046 524.03078 524.15815 524.67524 524.84253 525.00983 525.61861 526.07824 526.68063 527.64791 528.74116 529.86641 531.28898 532.61712 534.11577 535.89919 537.64751 538.65639 539.80625 541.04362 542.47001 543.50689 544.37136 544.14962 543.92788 543.70613 543.48439 543.26265 543.4266 543.55548 543.68437 543.81325 543.94214 544.07103 544.19991 542.62982 541.80964 541.49974 541.18984 540.87995 540.57005 540.26015
521.19756 521.30766 521.58949 521.38545 521.35928 521.13252 521.44946 521.24627 521.37114 521.22661 521.63734 521.48037 522.01763 521.80455 522.48335 522.60625 522.74144 522.93733 523.19128 523.1229 523.62725 523.84965 523.93331 524.29807 524.52627 524.89172 525.06048 525.57394 526.13845 526.61492 527.37633 528.34335 529.26823 530.05897 531.41084 532.80691 534.20299 535.57066 537.21624 538.56841 539.35063 540.70142 542.46623 543.57854 543.26863 543.92536 543.70361 543.48187 543.26012 543.36051 543.4894 543.61828 543.74717 543.87606 544.00494 544.13383 543.14999 542.03332 541.72342 541.41352 541.10363 540.79373 540.48383 -9999
521.30469 521.55478 521.721 521.49589 521.57211 521.37648 521.5377 521.42102 521.52427 521.43514 521.77271 521.67668 522.15858 522.10579 522.6315 522.82451 522.96039 523.17191 523.40352 523.39892 523.85366 524.06481 524.25616 524.61203 525.00932 525.40252 525.67307 526.286 526.87956 527.46064 528.19326 529.01658 529.93251 530.49389 531.5327 532.92878 534.32485 535.72092 537.117 537.77247 538.38605 539.30276 540.54029 542.10417 543.70204 543.70109 543.47935 543.2576 543.17719 543.42331 543.5522 543.68109 543.80997 543.93886 544.06774 543.67016 542.02932 541.9471 541.6372 541.3273 541.01741 540.70751 -9999 -9999
521.41181 521.79815 521.88532 521.60632 521.69929 521.66702 521.50938 521.48255 521.5428 521.59082 521.85731 521.78549 522.31802 522.35265 522.77964 522.99765 523.17756 523.41763 523.61575 523.71222 524.07945 524.27969 524.57402 524.94621 525.40073 525.87989 526.28639 526.96423 527.63959 528.27689 529.00225 529.70376 530.45006 531.07399 531.65457 533.05064 534.44671 535.40185 536.07644 537.17104 538.10041 539.02948 540.05507 541.51615 542.87871 542.68979 543.25508 543.03334 543.35723 543.48612 543.615 543.74389 543.87277 544.00166 544.13055 542.54949 542.17078 541.86088 541.55098 541.24109 540.93119 -9999 -9999 -9999
521.51894 522.03896 522.0646 521.84747 521.73828 521.73827 521.65519 521.78328 521.57202 521.70246 521.94867 522.0899 522.6066 522.5995 522.93799 523.1708 523.39816 523.66334 523.82706 524.05913 524.30458 524.49456 524.87394 525.28438 525.79469 526.41655 526.8997 527.62729 528.39961 529.08109 529.775 530.40475 531.14294 531.68831 531.97292 533.1725 533.80431 534.65199 535.54733 536.69381 537.7452 539.02235 539.83821 541.14795 542.25527 541.44046 543.03081 543.29115 543.42003 543.54892 543.6778 543.80669 543.93558 544.06446 543.06966 542.39446 542.08456 541.77466 541.46476 541.15487 540.84497 -9999 -9999 -9999
521.62145 522.23001 522.20989 522.07297 521.93434 521.94311 521.83496 522.0304 521.73357 521.86984 522.10343 522.42578 522.84121 522.80853 523.17685 523.49016 523.63772 523.91344 524.03518 524.34836 524.58602 524.79534 525.15334 525.59011 526.14329 526.80199 527.25459 528.00131 528.83471 529.47273 530.15976 530.91853 531.51556 532.05177 532.30419 532.76558 533.64065 534.8203 536.03448 537.27486 538.40825 539.07601 539.7236 540.76972 541.22334 542.11195 543.22506 543.35395 543.48283 543.61172 543.74061 543.86949 543.99838 543.58984 542.61814 542.30824 541.99834 541.68844 541.37855 541.06865 -9999 -9999 -9999 -9999
521.6255 521.92806 522.16883 522.2112 522.08545 522.08806 521.96789 522.14225 521.9624 522.2135 522.28057 522.62247 522.93314 522.90541 523.54305 523.77206 523.90785 524.17833 524.32198 524.64013 524.93996 525.23688 525.48291 525.88662 526.44579 527.08875 527.50053 528.19774 528.9428 529.48182 530.14959 530.87975 531.52169 532.15781 532.43203 532.90196 533.64924 534.8289 536.01872 537.14807 538.28146 538.88325 539.57719 540.62558 541.08715 542.04405 543.13442 543.41675 543.54563 543.67452 543.80341 543.93229 544.06118 542.84181 542.53192 542.22202 541.91212 541.60222 541.29233 -9999 -9999 -9999 -9999 -9999
521.6074 521.65798 521.96771 522.31568 522.23656 522.23549 522.10082 522.2541 522.23246 522.38357 522.38407 522.77757 523.04799 523.11294 523.79675 524.04294 524.18839 524.39235 524.64286 524.95488 525.29233 525.6155 525.87798 526.1942 526.75383 527.37551 527.73638 528.39417 529.06242 529.5419 530.15907 530.799 531.46827 532.12462 532.57477 532.96913 533.65784 534.83749 535.94871 537.02128 538.15468 538.75013 539.45715 540.37892 540.95097 542.08516 542.91554 543.47955 543.60844 543.73732 543.86621 543.99509 542.98934 542.7556 542.4457 542.1358 541.8259 541.51601 541.20611 -9999 -9999 -9999 -9999 -9999
521.52911 521.47905 521.52859 522.36423 522.38767 522.38292 522.23375 522.35338 522.32727 522.49515 522.55253 523.0516 523.17525 523.42913 523.99138 524.29676 524.46888 524.6603 524.95834 525.20018 525.66627 525.94335 526.19663 526.55992 527.07936 527.66227 527.97224 528.5906 529.18204 529.60327 530.16475 530.74445 531.34905 532.02462 532.63737 532.99101 533.76095 534.84609 535.87849 536.8945 538.04056 538.57849 539.45988 539.9898 540.81313 541.95377 542.67697 543.54235 543.67124 543.80012 543.92901 543.50951 542.97927 542.66938 542.35948 542.04958 541.73968 541.42979 -9999 -9999 -9999 -9999 -9999 -9999
521.35976 521.17983 521.24666 522.43329 522.53878 522.53035 522.36669 522.42664 522.48245 522.64533 522.74146 523.09934 523.33128 523.58837 524.18602 524.56691 524.74937 524.9377 525.26133 525.44937 525.95871 526.2999 526.63387 526.93761 527.3905 527.94969 528.27734 528.78179 529.29317 529.66464 530.1368 530.68851 531.31448 531.96025 532.67404 533.15842 533.85488 534.85468 535.80316 536.75215 537.98835 538.41522 539.36325 539.726 540.57828 541.86207 542.48074 543.60515 543.73404 543.86293 543.99181 543.20295 542.89306 542.58316 542.27326 541.96336 541.65346 -9999 -9999 -9999 -9999 -9999 -9999 -9999
521.27832 520.91801 520.99454 522.51566 522.68989 522.67005 522.49962 522.55931 522.61999 522.85059 522.96744 523.13361 523.53876 523.74136 524.38065 524.8513 525.02986 525.17788 525.56433 525.75768 526.18103 526.65383 526.99897 527.25257 527.68984 528.23745 528.56493 528.96451 529.37992 529.72601 530.17503 530.65457 531.31981 531.94224 532.67608 533.21858 533.96194 534.83298 535.7257 536.58207 537.8571 538.27121 539.17679 539.58271 540.60535 541.70198 542.31949 543.49314 543.79684 543.92573 543.42663 543.11673 542.80684 542.49694 542.18704 541.87714 541.60421 -9999 -9999 -9999 -9999 -9999 -9999 -9999
521.00418 520.6562 520.74398 522.58629 522.82563 522.80543 522.63255 522.71347 522.85105 522.88881 523.05449 523.18514 523.65169 523.88454 524.57529 525.12155 525.29824 525.44282 525.86733 526.08544 526.39418 526.97575 527.36372 527.61961 527.9994 528.51329 528.81397 529.15179 529.46667 529.78739 530.21325 530.64721 531.25193 531.91795 532.5424 533.26825 534.06778 534.78971 535.64823 536.49008 537.73363 538.14861 538.85281 539.45095 540.65034 541.57561 542.1571 542.98556 543.85964 543.65031 543.34041 543.03051 542.72062 542.41072 542.10082 541.79092 -9999 -9999 -9999 -9999 -9999 -9999 -9999 -9999
520.71101 520.39438 520.49341 522.54374 522.92347 522.94081 522.76736 522.8543 522.94473 523.0836 523.28844 523.23667 523.7361 524.03108 524.76992 525.37753 525.56289 525.70776 526.18365 526.38844 526.59873 527.26997 527.71674 528.00013 528.31156 528.78783 529.05944 529.33932 529.55342 529.84876 530.25148 530.64774 531.20869 531.88296 532.57722 533.49545 534.38632 535.06605 535.91463 536.58283 537.5416 538.62884 539.20625 539.64683 540.69017 541.48586 542.05325 542.88728 543.92244 543.56409 543.25419 542.9443 542.6344 542.3245 542.0146 -9999 -9999 -9999 -9999 -9999 -9999 -9999 -9999 -9999
520.72623 520.28346 520.37751 522.48155 523.00178 523.0723 522.92311 522.9065 523.11773 523.33914 523.37874 523.42381 523.86929 524.1933 524.96455 525.62062 525.83235 525.9727 526.39539 526.69144 526.8758 527.43988 528.05778 528.47277 528.77422 529.21833 529.46325 529.75019 529.87619 530.17926 530.65334 531.07591 531.68799 532.44101 533.18871 534.08948 534.9622 535.54813 536.3982 537.23274 537.96748 538.51494 539.52471 540.24682 541.07863 541.77266 542.63841 543.86642 543.78777 543.47787 543.16797 542.85808 542.54818 542.23828 -9999 -9999 -9999 -9999 -9999 -9999 -9999 -9999 -9999 -9999
521.00573 520.46451 520.55881 522.38102 523.04011 523.19497 523.12843 523.07286 523.37595 523.59875 523.68669 523.75404 524.10521 524.40156 525.25215 525.88677 526.21182 526.45817 526.73807 527.20881 527.59464 528.12653 528.90183 529.3354 529.62117 529.98999 530.2293 530.45816 530.58066 530.94081 531.42468 531.76803 532.27817 532.96932 533.79321 534.68766 535.53807 536.04135 536.88177 537.71631 538.55086 539.3854 539.9476 540.44351 541.43109 542.67483 543.77134 544.03135 543.70155 543.39165 543.08176 542.77186 542.46196 542.15206 -9999 -9999 -9999 -9999 -9999 -9999 -9999 -9999 -9999 -9999
521.18797 520.69537 520.74066 522.28048 523.08267 523.32202 523.33375 523.50773 523.66261 523.84188 523.96814 524.13071 524.38634 524.7676 525.53422 526.17893 526.68639 527.04091 527.44204 527.85413 528.29903 528.97102 529.64652 530.19802 530.46813 530.66283 530.85151 531.06464 531.36121 531.74373 532.18812 532.52436 532.94066 533.50933 534.35048 535.24077 536.11394 536.56218 537.36534 538.19988 539.03443 539.86897 540.70352 541.43182 542.47673 543.67787 543.58876 543.92523 543.61533 543.30543 542.99554 542.68564 542.37574 -9999 -9999 -9999 -9999 -9999 -9999 -9999 -9999 -9999 -9999 -9999
521.46236 521.10136 520.9225 522.17994 523.16491 523.45537 523.53907 523.68762 523.90949 524.085 524.24579 524.50738 524.76474 525.12506 525.82046 526.44694 527.08344 527.5837 528.00801 528.52598 529.02093 529.58338 530.35957 531.06363 531.31508 531.34062 531.53617 531.77752 532.15053 532.54637 532.96151 533.28069 533.67415 534.15436 534.83542 535.78812 536.69238 537.08301 537.8489 538.68345 539.518 540.35254 541.19007 542.1929 543.80719 543.14616 543.77339 543.83901 543.52911 543.21922 542.90932 542.59942 -9999 -9999 -9999 -9999 -9999 -9999 -9999 -9999 -9999 -9999 -9999 -9999
521.68444 521.57319 521.10435 522.08443 523.24715 523.58872 523.71416 523.89055 524.11258 524.32813 524.50643 524.79914 525.05899 525.49729 526.10364 526.7321 527.34347 527.92195 528.54423 529.18412 529.76872 530.30524 530.64038 531.00452 531.33657 531.75721 532.13711 532.52647 532.86487 533.35018 533.73825 534.03702 534.43048 534.82393 535.32631 536.31244 537.27484 537.60384 538.33247 539.13608 539.90054 540.72424 541.87464 542.97897 542.70357 543.33079 543.91413 543.75279 543.44289 543.133 542.8231 542.5132 -9999 -9999 -9999 -9999 -9999 -9999 -9999 -9999 -9999 -9999 -9999 -9999
521.90117 521.68157 521.2862 522.00634 523.32938 523.72206 523.86792 524.13281 524.41486 524.57123 524.76706 525.0016 525.38091 525.81805 526.38683 526.95025 527.63851 528.29902 529.08413 529.66246 530.28371 530.65099 531.07114 531.4913 531.91145 532.33161 532.75177 532.99791 533.33748 533.87156 534.33173 534.52713 534.86751 535.38182 536.13426 536.89761 537.66097 538.13511 538.70168 539.30818 540.13605 541.11263 541.68915 542.26097 542.8882 543.51543 543.97647 543.66657 543.35667 543.04678 542.73688 -9999 -9999 -9999 -9999 -9999 -9999 -9999 -9999 -9999 -9999 -9999 -9999 -9999
522.1555 521.86077 521.60226 522.14634 523.49226 523.9095 524.08448 524.39889 524.68306 524.82593 525.02111 525.23993 525.60683 526.01792 526.53065 527.07711 527.69832 528.29877 529.22643 530.30217 531.01417 531.31594 531.7361 532.15625 532.57641 532.99657 533.32647 533.23406 533.66549 534.19699 534.70595 535.02807 535.47177 536.14604 536.70293 537.46628 538.22963 538.6787 539.21564 539.78772 540.50256 541.02124 541.55366 542.4456 543.07283 543.70006 543.89025 543.58035 543.27046 542.96056 -9999 -9999 -9999 -9999 -9999 -9999 -9999 -9999 -9999 -9999 -9999 -9999 -9999 -9999
