selecton.tif
NCOLS 300
NROWS 300
XLLCORNER 2357992.2
YLLCORNER 6928567.2
DX 42.206435
DY 72.519956
NODATA_VALUE -9999
[rows 84 to 111 of 300, columns 128 to 191 of 300]
545.89443 542.87094 541.10542 539.3399 537.57438 535.80886 533.99274 531.69544 529.01478 526.21331 523.20787 521.88799 521.17843 520.89379 520.45499 520.14814 519.51478 519.13986 519.12288 518.85001 518.57938 518.37499 518.16745 517.87747 517.74372 517.85582 517.58877 517.53762 517.35885 517.2094 517.27728 516.97267 516.89689 516.64457 516.59239 516.6936 516.42606 516.25914 516.38842 516.63386 516.66339 516.44937 516.32738 516.15192 516.14464 515.87806 514.30947 513.63249 514.03801 515.71907 520.50676 518.64467 519.04842 519.26668 519.26929 519.2719 519.38301 519.53096 519.79365 519.839 519.86055 520.04868 520.28315 520.53352
542.83624 541.00344 539.20664 537.44112 535.6756 533.91008 532.23431 530.42765 527.8121 524.91069 522.69537 521.76862 521.15615 520.93942 520.48958 520.19894 519.69049 519.31205 519.2485 518.97502 518.70194 518.52696 518.31434 518.09062 517.96271 517.99156 517.74846 517.67227 517.47224 517.39132 517.46536 517.1422 516.96763 517.07724 516.8479 516.91013 516.72498 516.22769 516.76047 516.79527 516.59525 516.45456 516.39736 516.34016 516.35923 515.7678 514.44449 514.07103 514.49582 516.02367 520.11241 518.48661 518.79055 518.93121 518.96146 518.96407 519.0915 519.20962 519.49534 519.66106 519.76003 519.98131 520.30646 520.68551
540.97697 539.05989 537.30785 535.54233 533.77681 532.01129 530.44801 529.13592 526.60941 524.04899 522.40539 521.66248 521.09245 520.98504 520.57334 520.24642 519.77786 519.48457 519.38625 519.10004 518.88523 518.68245 518.46124 518.31979 518.18349 518.1273 517.90814 517.79961 517.60726 517.58378 517.49139 517.29948 517.16123 516.87135 517.24476 517.00605 516.99307 517.17123 516.98799 516.79782 516.74062 516.68342 516.62622 516.56902 516.50601 515.65754 514.62603 514.50562 514.95363 516.32678 519.71806 518.32856 518.56794 518.6256 518.65362 518.68021 518.8028 518.9433 519.22014 519.48556 519.51174 519.68105 520.10923 520.55135
538.74467 537.20063 535.28355 533.64355 531.87803 530.11251 528.68104 527.84114 525.40673 523.31787 522.07644 521.5738 521.02398 521.03067 520.59549 520.29391 519.84164 519.66627 519.54146 519.22505 519.04261 518.83793 518.60813 518.54222 518.41158 518.26303 518.06783 517.96043 517.92136 517.77025 517.60235 517.45677 517.31851 517.18026 517.03416 517.37781 517.1715 517.0693 517.08388 517.02668 516.96948 516.91228 516.85508 516.79788 516.65279 515.64059 514.80756 514.87888 515.41482 516.62989 519.32371 518.1705 518.36796 518.4181 518.34578 518.48521 518.5359 518.68772 518.94495 519.19289 519.41701 519.40322 519.60874 520.24249
536.19995 534.79486 533.42429 531.63855 529.97924 528.21372 527.15509 526.54636 524.20404 522.58224 521.76038 521.4669 521.09798 521.0763 520.67351 520.34139 519.9211 519.84797 519.55025 519.35007 519.19999 518.99342 518.75504 518.65094 518.64608 518.40209 518.22752 518.15308 518.13414 517.99673 517.7877 517.61405 517.4758 517.33754 517.24414 517.29461 517.49925 517.29945 517.29326 517.26936 517.19834 517.14114 517.08394 517.02674 516.79958 515.67568 514.95117 515.23748 515.91681 516.933 518.92935 518.01244 518.20183 518.21575 518.03795 518.25175 518.31165 518.42182 518.66976 518.9177 519.16564 519.34003 519.30659 519.56667
534.5744 532.354 530.84457 529.64794 528.08046 526.31494 525.62915 525.25158 523.45178 522.50809 521.99438 521.49339 521.21041 521.12192 520.81628 520.38888 520.01033 520.0264 519.57385 519.47508 519.35775 519.14117 518.94537 518.84595 518.86894 518.59311 518.38721 518.28295 518.16488 518.10527 517.96194 517.77134 517.63308 517.49483 517.35657 517.1372 517.39097 517.53115 517.37606 517.37075 517.41459 517.37 517.3128 517.2556 516.95632 515.71077 514.84695 515.56459 516.41881 517.23611 518.535 517.90109 517.97316 517.99197 517.73144 517.9841 517.9918 518.14663 518.39457 518.64251 518.89045 519.13839 519.21119 519.21699
533.87676 530.87156 528.54635 526.89428 525.8716 524.41615 524.10008 523.9568 522.83588 522.09377 522.09446 521.45192 521.33731 521.16755 520.95904 520.43636 520.14452 520.18642 519.7841 519.58901 519.51798 519.27943 519.1357 519.04932 519.05878 518.78413 518.54575 518.42046 518.30894 518.16722 518.07133 517.92862 517.79037 517.66444 517.50425 517.47789 517.39677 517.30999 517.46556 517.43285 517.47955 517.48938 517.58654 517.48446 517.1237 515.74586 514.74273 515.8917 516.9208 517.54871 518.07859 517.80065 517.73371 517.7945 517.49558 517.70741 517.67195 517.87143 518.11938 518.23085 518.16244 518.4313 518.79801 519.01415
533.50258 530.50484 527.31557 525.14639 523.9164 523.04598 522.93804 522.63124 522.52914 521.92817 522.08849 521.37312 521.44912 521.12465 521.08669 520.5522 520.35834 520.35567 519.84791 519.73685 519.70902 519.47423 519.35091 519.29396 519.25821 518.98389 518.77791 518.54698 518.43522 518.31897 518.27716 518.09753 517.96306 517.653 517.6832 517.70573 517.65034 517.41416 517.39642 517.39792 517.48976 517.67751 517.73387 517.77199 517.3782 516.23365 515.19533 516.50644 517.40786 517.46671 517.69731 517.75114 517.78851 517.93613 517.69825 517.75832 517.69813 517.72266 517.86885 518.00952 518.43129 518.31086 518.76655 518.77885
532.24833 529.61856 526.85177 525.0634 524.04336 523.35931 523.24812 522.93837 522.80902 522.24856 522.34929 521.66921 521.67152 521.34517 521.27027 520.87361 520.6658 520.61052 520.20443 520.08811 520.02142 519.82315 519.6182 519.60274 519.44814 519.1851 518.99249 518.87691 518.71555 518.53587 518.41795 518.30858 517.98667 518.01321 517.97693 517.93537 517.8293 517.66428 517.59627 517.54295 517.61059 517.86101 517.9657 518.04552 517.79841 516.80062 515.93363 516.99652 517.62635 517.15765 517.32572 517.69683 517.88345 518.21057 517.95597 518.03094 518.09006 518.1703 517.97766 518.21134 518.4537 518.58663 518.71955 518.85248
530.88167 528.52146 526.47416 524.9804 524.17033 523.67264 523.55795 523.24551 523.08254 522.57133 522.61009 522.00208 521.89393 521.62399 521.44589 521.1944 521.00002 520.77486 520.56515 520.43936 520.35516 520.17208 519.88899 519.91206 519.63807 519.38631 519.18883 519.17965 518.93477 518.75276 518.63484 518.51692 518.39899 518.24314 518.20181 518.09573 517.98965 517.89692 517.79415 517.7108 517.73141 518.00713 518.21634 518.27532 518.19333 517.50882 516.67194 517.51689 517.55402 516.8486 516.94903 517.63913 518.00235 518.36579 518.2393 518.26098 518.36363 518.37668 518.66113 518.34055 518.52733 518.66026 518.79318 518.92611
529.60316 527.3554 526.11933 524.89741 524.3069 523.98598 523.87252 523.55264 523.33596 522.91896 522.87089 522.38267 522.1191 521.89334 521.73824 521.51519 521.30086 521.03052 520.92659 520.79062 520.68971 520.521 520.16205 520.22479 519.82799 519.69305 519.42334 519.29461 519.07766 518.96966 518.85174 518.72832 518.5521 518.41589 518.36216 518.25608 518.15001 517.95688 517.98499 517.89732 517.85224 518.1288 518.46697 518.49377 518.42058 518.18565 517.41025 518.04328 517.51538 516.53955 516.57233 517.58143 518.12167 518.53879 518.52264 518.54432 518.566 518.71615 518.6284 518.6763 518.74192 518.73389 518.86681 518.99973
528.11781 525.99396 525.32289 524.7656 524.44479 524.2789 524.20161 523.86083 523.58939 523.26659 523.06399 522.73476 522.36679 522.21645 521.9127 521.83534 521.53346 521.46796 521.28845 521.12809 521.02427 520.86957 520.43512 520.52417 520.05645 520.06566 519.71225 519.51454 519.30448 519.2506 519.02038 518.88775 518.72822 518.58593 518.51536 518.41392 518.31036 518.20428 518.17451 518.08521 517.98027 518.25047 518.70619 518.71222 518.70937 518.62879 518.14856 518.36905 517.48433 516.2305 516.2113 517.52373 518.241 518.82673 518.80598 518.82766 518.83978 518.99288 518.92316 518.81076 518.8959 519.06986 518.94044 519.07336
526.28268 525.75059 525.32674 525.09319 524.72387 524.42492 524.3637 524.12665 523.85209 523.56112 523.06117 522.90919 522.73991 522.49749 522.04207 522.04185 521.68168 521.54499 521.56877 521.3603 521.25035 520.99827 520.69012 520.64281 520.25844 520.27968 520.08548 519.74383 519.54786 519.31459 519.24104 519.0622 518.98511 518.72545 518.65425 518.57238 518.37606 518.44019 518.4287 518.2915 518.14969 518.41843 518.90873 518.89963 518.92842 518.93283 518.79816 518.59691 517.46646 515.92752 515.88603 517.46603 518.33849 518.91889 518.90688 519.10221 519.05759 519.0461 519.19971 519.09712 518.99312 519.09337 519.35503 519.23125
526.42206 525.99681 525.7906 525.41758 525.04456 524.71253 524.52718 524.4425 524.1146 523.78533 523.37538 523.20403 523.01544 522.76974 522.4786 522.26455 522.07366 521.73777 521.77656 521.45826 521.41161 521.17062 520.93101 520.76384 520.50338 520.34649 520.32602 519.98766 519.78879 519.54336 519.52339 519.29236 519.17455 519.03814 518.85381 518.76261 518.71073 518.7264 518.62973 518.5597 518.52093 518.6493 518.96021 518.9586 519.11012 518.87343 518.82191 517.98444 517.45267 517.1955 516.55995 516.81898 517.96982 518.50095 519.0042 519.13915 519.11815 519.08377 519.13848 519.0585 519.08182 519.17386 519.28073 519.39862
526.70847 526.48801 526.11499 525.74197 525.36895 524.99593 524.68034 524.56652 524.31252 524.02544 523.75614 523.53352 523.25265 522.88999 522.66729 522.34774 522.35317 521.91928 522.00006 521.59542 521.59452 521.38896 521.13784 521.05945 520.71739 520.6347 520.54719 520.23149 520.05088 519.77151 519.80574 519.52253 519.37558 519.20079 519.15572 518.98344 519.129 518.942 518.83076 518.83841 518.86754 518.87968 518.98849 519.05888 519.11097 519.00314 518.50075 518.05834 517.80117 517.54401 517.3564 517.27094 517.77724 518.66568 519.03848 519.11821 519.04446 519.06778 519.09109 519.11441 519.13773 519.25905 519.35005 519.52828
527.18542 526.8124 526.43938 526.06636 525.69334 525.32032 524.97526 524.76481 524.61392 524.28381 524.00656 523.61256 523.44795 523.11674 522.98037 522.8051 522.523 522.2678 522.19832 521.9476 521.76864 521.61614 521.39615 521.07154 520.92464 520.92307 520.70791 520.47557 520.31986 519.99965 520.08808 519.71703 519.56836 519.53202 519.44727 519.18734 519.1575 519.15761 519.04005 519.03054 519.09074 519.0859 518.97125 519.1508 519.10357 519.01705 518.66401 518.40685 518.14968 517.89251 517.63535 517.38535 518.0375 518.70505 519.05374 519.07706 519.10037 519.12369 519.14701 519.17033 519.19365 519.34619 519.41938 519.64879
527.50981 527.13679 526.76377 526.39075 526.01773 525.64471 525.27169 524.93576 524.77342 524.56399 524.22758 523.9118 523.65479 523.5268 523.2712 522.92502 522.65341 522.52522 522.41593 522.24712 522.04898 521.80249 521.62111 521.3799 521.21034 521.2178 520.98911 520.70289 520.55823 520.20093 520.2974 519.88536 519.85934 519.77446 519.74799 519.61361 519.30273 519.23422 519.30381 519.20326 519.21529 519.23827 519.27849 519.1807 519.52685 519.26968 519.01252 518.75535 518.49818 518.24102 517.98385 517.72669 517.65021 518.54525 518.91645 519.18273 519.15629 519.17961 519.20293 519.22624 519.24956 519.4056 519.4887 519.70995
527.8342 527.46118 527.08816 526.71513 526.34211 525.96909 525.59607 525.23632 524.99953 524.75699 524.47727 524.21664 523.9516 523.7395 523.42905 523.09543 523.0297 522.86038 522.61252 522.44595 522.1363 521.97268 521.75915 521.59522 521.36587 521.15095 521.07655 520.75316 520.62601 520.25369 520.29382 520.01028 519.91491 519.84283 519.76028 519.67774 519.5952 519.51266 519.33643 519.35259 519.31594 519.40063 519.49472 519.61984 519.63342 519.2385 518.74202 518.16446 517.81323 517.54998 517.29191 517.04083 517.62966 518.08712 518.67364 519.13672 519.28016 519.23552 519.25884 519.28216 519.30548 519.38442 519.55803 519.67535
528.15858 527.78556 527.41254 527.03952 526.6665 526.29348 525.92046 525.54744 525.21686 524.98031 524.72447 524.46154 524.15962 523.93437 523.52729 523.45568 523.34693 522.89708 522.60469 522.45978 522.2719 522.07701 521.79512 521.70834 521.36149 521.18271 521.14062 520.82766 520.69777 520.33359 520.30385 520.14546 520.00074 519.91119 519.82865 519.74611 519.66356 519.52842 519.51865 519.40215 519.46828 519.56237 519.56854 519.75136 519.70715 519.58591 519.34053 518.64155 517.81932 517.13939 516.97949 517.22163 517.61852 518.02975 518.55889 518.80669 519.27172 519.38239 519.31476 519.33807 519.36139 519.40498 519.62735 519.7667
529.04509 528.36819 527.81475 527.35327 526.9757 526.61787 526.24485 525.87183 525.50226 525.23662 525.00903 524.62201 524.32539 523.98264 523.75391 523.53543 523.17515 522.91328 522.73757 522.43435 522.36714 522.15514 521.91398 521.69404 521.43835 521.31246 521.20468 520.90215 520.73965 520.40976 520.41579 520.28065 520.14538 519.97955 519.89701 519.81447 519.72656 519.68368 519.56126 519.51938 519.42767 519.56392 519.72976 520.05494 519.89907 519.67296 519.54126 519.27462 519.06491 518.28484 517.77825 517.84826 517.9957 518.37784 518.51601 518.92479 518.96723 519.4058 519.48707 519.40029 519.41731 519.44062 519.69668 519.85805
530.79396 529.89172 529.21769 528.62965 528.03998 527.31887 526.72101 526.21221 525.80038 525.40339 525.02535 524.63996 524.30109 524.03397 523.80194 523.39518 523.27845 522.98743 522.84403 522.62533 522.23082 522.20755 521.99681 521.73247 521.46761 521.23222 521.2663 520.97664 520.77013 520.48374 520.55076 520.41583 520.16625 520.04792 519.96538 519.88434 519.8769 519.62777 519.64774 519.5638 519.66034 519.75595 519.80156 520.00786 520.00902 520.00103 519.64094 518.77549 518.65678 519.1713 518.67446 518.65534 518.71397 518.76977 519.16292 519.12437 519.41283 519.18244 519.5618 519.58653 519.54195 519.49654 519.79533 519.9494
537.02001 535.77702 534.46228 533.09142 531.77588 530.36645 528.64102 527.28211 526.26565 525.52829 525.0772 524.65761 524.31514 524.01648 523.78791 523.48019 523.24932 523.07165 522.87161 522.62684 522.21379 522.29698 522.08304 521.77734 521.46968 521.30421 521.2969 521.05114 520.79753 520.57638 520.55616 520.55102 520.30133 520.11628 520.03374 519.98376 519.79228 519.79763 519.74727 519.6719 519.89637 519.79779 519.80453 520.22283 520.12502 519.9584 519.57216 517.66093 517.68582 519.07882 519.48026 519.28594 519.52596 519.76949 519.54201 520.12072 519.74869 519.78861 519.63213 519.70016 519.71071 519.7603 519.82602 519.85222
542.15157 541.06056 539.85507 538.4795 536.84826 534.83044 532.48928 529.31852 527.43747 526.0128 525.20195 524.73866 524.33417 524.09149 523.78943 523.62489 523.2387 523.16254 522.95815 522.66778 522.34623 521.98236 522.16678 521.83353 521.5639 521.42321 521.27844 521.1086 520.87701 520.67393 520.53376 520.68621 520.39126 520.24392 520.18359 519.98547 520.04752 519.92605 519.7747 519.84753 519.99174 519.92636 520.03114 520.1837 520.20867 520.12343 519.60686 518.22263 517.43299 518.0882 519.37732 519.83608 520.03991 519.96594 520.0342 520.11459 519.97805 519.92909 519.73265 519.81871 519.79874 519.90451 519.85584 519.87954
544.44715 544.57975 543.41289 540.87996 538.86781 536.76451 534.38778 531.31214 529.03788 526.82237 525.23831 524.7084 524.30788 523.9971 523.75712 523.59277 523.25822 523.09696 522.92704 522.71493 522.35825 522.0441 522.21464 521.86089 521.64868 521.48578 521.29644 521.15616 521.00032 520.81958 520.5538 520.65415 520.46696 520.46783 520.38987 520.34354 520.04477 520.16613 519.94651 520.16534 520.10896 520.05259 519.99621 520.15533 520.40814 520.25341 519.8804 519.01224 517.82862 517.95997 518.99796 519.91621 520.14122 520.10498 520.17744 520.21347 520.1489 520.09799 519.84751 519.94779 519.89268 519.96275 519.88566 519.92426
544.41209 544.51052 544.41745 542.33056 540.17352 538.13602 536.12886 533.35226 530.63829 527.0734 525.28867 524.65808 524.28105 523.88189 523.77734 523.56165 523.32385 523.03138 522.91322 522.72721 522.40427 522.21923 522.26331 521.88825 521.73347 521.57825 521.31649 521.20624 521.11893 520.96567 520.62382 520.60398 520.54201 520.55298 520.56395 520.40742 520.5227 520.20043 520.2294 520.09347 520.23519 520.17881 520.12244 520.32956 520.7234 520.34303 520.17486 519.51675 518.24413 517.8303 518.62663 519.99634 520.24097 520.2196 520.31621 520.34641 520.30738 520.18995 519.98397 520.07697 519.99384 520.021 519.91548 519.96897
544.452 544.47221 544.57319 543.57975 541.53395 539.41553 537.52863 535.35078 532.23869 527.61658 525.26357 524.57753 524.25443 523.89884 523.79968 523.53053 523.32554 522.96579 522.90846 522.64851 522.4503 522.30359 522.32557 521.9156 521.79427 521.71988 521.38313 521.253 521.17068 521.09394 520.76775 520.64813 520.61706 520.62803 520.639 520.64997 520.40213 520.50607 520.23224 520.32005 520.11596 520.30395 520.24867 520.37649 520.58424 520.36002 520.30896 519.86856 518.77513 517.70063 518.2553 520.02395 520.32053 520.31941 520.45498 520.45506 520.45872 520.23193 520.12423 520.20616 520.13982 520.07924 519.98532 520.01368
544.4382 544.42943 544.50549 544.53584 542.82347 540.64783 538.7441 537.13528 533.8391 527.67394 525.20222 524.56116 524.21404 523.94199 523.80731 523.49941 523.2981 522.90021 522.89152 522.58437 522.43292 522.38795 522.38784 521.94336 521.81425 521.86318 521.60124 521.28689 521.09949 521.2443 520.80402 520.71377 520.69211 520.70308 520.71405 520.71343 520.39304 520.45333 520.45492 520.23612 520.37584 520.30692 520.61754 520.31852 520.51627 520.5396 520.6213 520.22891 519.30613 517.70339 517.88397 520.03098 520.40009 520.40278 520.59376 520.50608 520.61007 520.36567 520.26524 520.33534 520.2858 520.13748 520.0363 520.05839
544.4244 544.40398 544.40682 544.60719 544.07373 541.83248 539.97236 538.5404 535.75694 527.74269 525.17187 524.54479 524.14264 523.86001 523.78283 523.47362 523.26627 522.85649 522.87459 522.53304 522.51618 522.44933 522.44931 521.97765 521.83422 521.99771 521.83431 521.32078 521.09556 521.36176 520.76447 520.7784 520.76716 520.53778 520.55123 520.663 520.59287 520.43761 520.45824 520.22431 520.41403 520.39678 520.4598 520.72454 520.65663 520.70455 520.59403 520.22893 519.846 518.23531 518.10942 520.11124 520.39873 520.12608 520.25454 520.34439 520.54703 520.42816 520.33021 520.36603 520.46612 520.23925 520.16041 520.17845
